	AA	AC	AG	AT	CC	CG	CT	GG	GT	TT	--	inconsistent	parentA_polymorphic	parentB_polymorphic	parentA_unknown	parentB_unknown	sum_of_odds_and_ends	F1_missing
abph1.15	3	0	1	0	0	0	0	2	0	0	0	0	0	0	0	0	0	0
abph1.22	6	0	0	0	0	0	0	0	0	0	0	0	0	0	0	0	0	0
an1.3	0	0	0	0	6	0	0	0	0	0	0	0	0	0	0	0	0	0
csu1138.3	2	0	1	0	0	0	0	3	0	0	0	0	0	0	0	0	0	0
PHM1599.84	0	0	3	0	0	0	0	3	0	0	0	0	0	1	0	0	1	0
PHM16788.6	3	1	0	0	2	0	0	0	0	0	0	0	0	0	0	0	0	0
PUT-163a-110481993-82	0	0	0	0	0	0	0	5	0	0	1	0	0	0	0	0	0	0
PUT-163a-110941068-122	0	0	0	0	3	1	0	2	0	0	0	0	0	0	0	0	0	0
PUT-163a-110971340-142	3	0	0	0	0	0	0	0	0	0	3	0	0	0	0	1	1	1
PUT-163a-13126581-167	0	0	0	0	0	0	0	0	0	6	0	0	0	0	0	0	0	0
PUT-163a-13388743-219	0	0	0	0	2	1	0	3	0	0	0	0	0	0	0	0	0	0
PUT-163a-13515860-233	3	0	3	0	0	0	0	0	0	0	0	0	0	1	0	0	1	0
PUT-163a-13516036-239	2	0	0	0	0	0	0	3	0	0	1	0	0	0	0	0	0	1
PUT-163a-14243719-298	0	0	0	0	0	0	0	3	0	0	3	0	0	0	0	1	1	1
PUT-163a-148940529-436	0	0	0	0	0	0	0	5	0	0	1	0	0	0	0	0	0	0
PUT-163a-148972526-651	0	0	0	0	5	0	0	0	0	0	1	0	0	0	0	0	0	0
PUT-163a-149042078-808	3	0	0	1	0	0	0	0	0	2	0	0	0	0	0	0	0	0
PUT-163a-149080126-857	0	0	4	0	0	0	0	2	0	0	0	0	1	0	0	0	1	0
PUT-163a-16918459-994	2	0	1	0	0	0	0	2	0	0	1	0	0	0	0	0	0	0
PUT-163a-17931895-1207	1	0	1	0	0	0	0	3	0	0	1	0	0	0	0	0	0	0
PUT-163a-18161947-1215	4	0	0	0	0	0	0	0	0	0	2	0	0	0	0	0	0	1
PUT-163a-18172151-1376	5	0	0	0	0	0	0	0	0	0	1	0	0	0	0	0	0	0
PUT-163a-26557238-1604	2	0	0	1	0	0	0	0	0	0	3	0	0	0	1	0	1	0
PUT-163a-29544489-1777	2	0	4	0	0	0	0	0	0	0	0	0	1	0	0	0	1	0
PUT-163a-31405689-1906	0	0	0	0	1	1	0	3	0	0	1	0	0	0	0	0	0	0
PUT-163a-60346578-2556	0	0	0	0	3	1	0	1	0	0	1	0	0	0	0	0	0	0
PUT-163a-60352761-2693	0	0	0	0	0	0	0	4	0	0	2	0	0	0	0	1	1	0
PUT-163a-60395317-2928	0	0	0	0	0	0	0	0	0	4	2	0	0	0	0	1	1	0
PUT-163a-60400146-3010	0	0	0	0	0	0	0	0	0	2	4	0	0	0	0	1	1	1
PUT-163a-60400999-3036	0	0	0	0	0	0	0	3	0	0	3	0	0	0	1	0	1	0
PUT-163a-71299231-3058	2	0	1	0	0	0	0	2	0	0	1	0	0	0	0	0	0	0
PUT-163a-71436040-3311	0	3	0	0	2	0	0	0	0	0	1	0	1	0	0	0	1	0
PUT-163a-71449452-3403	2	0	1	0	0	0	0	2	0	0	1	0	0	0	0	0	0	0
PUT-163a-71765693-3499	0	0	0	0	0	0	0	0	0	3	3	0	0	0	0	1	1	1
PUT-163a-71768674-3530	0	0	0	0	3	0	0	2	0	0	1	0	0	0	0	0	0	1
PUT-163a-71774719-3563	2	0	1	0	0	0	0	2	0	0	1	0	0	0	0	0	0	0
PUT-163a-74233142-3582	0	0	0	0	0	0	0	4	0	0	2	0	0	0	0	0	0	0
PUT-163a-78087768-4207	2	0	1	0	0	0	0	0	0	0	3	0	0	0	1	0	1	0
PUT-163a-78093215-4263	0	0	0	0	0	0	0	4	0	0	2	0	0	0	0	0	0	0
PUT-163a-78122842-4411	0	0	0	0	2	0	0	2	0	0	2	0	0	0	0	0	0	1
PUT-163a-78122879-4417	3	0	0	0	0	0	0	0	0	2	1	0	0	0	0	0	0	1
PUT-163a-88751295-4541	0	0	0	0	4	0	0	0	0	0	2	0	0	0	0	0	0	0
PUT-163a-93011727-4799	5	0	0	0	0	0	0	0	0	0	1	0	0	0	0	0	0	0
PUT-163a-93281684-4842	2	0	1	0	0	0	0	2	0	0	1	0	0	0	0	0	0	0
PUT-163a-94476049-4879	2	0	2	0	0	0	0	0	0	0	2	0	1	0	0	0	1	0
PZA-002811004	2	1	0	0	2	0	0	0	0	0	1	0	0	0	0	0	0	0
PZA03556.1	0	0	1	0	0	0	0	4	0	0	1	1	0	0	0	0	1	0
PZA03682.1	4	0	0	0	0	0	0	0	0	0	2	0	0	0	0	0	0	0
PZB01336.3	0	2	0	0	3	0	0	0	0	0	1	0	0	1	0	0	1	1
PZE-100001691	0	0	0	0	4	0	0	0	0	0	2	0	0	0	0	1	1	0
PZE-101037896	2	0	1	0	0	0	0	1	0	0	2	0	0	0	0	0	0	0
PZE-101053938	3	0	0	0	0	0	0	1	0	0	2	0	0	0	0	0	0	1
PZE-101086467	2	0	0	0	3	0	0	0	0	0	1	0	0	0	0	0	0	1
PZE-101089322	4	0	0	0	0	0	0	1	0	0	1	1	0	0	0	0	1	0
PZE-101101963	1	1	0	0	3	0	0	0	0	0	1	0	0	0	0	0	0	0
PZE-101104351	1	0	1	0	0	0	0	2	0	0	2	0	0	0	0	0	0	0
PZE-101106394	0	0	0	0	5	0	0	0	0	0	1	0	0	0	0	0	0	0
PZE-101111510	0	0	0	0	0	0	0	3	0	0	3	0	0	0	0	0	0	0
PZE-101120376	2	1	0	0	2	0	0	0	0	0	1	0	0	0	0	0	0	0
PZE-101121008	0	0	0	0	0	0	0	4	0	0	2	0	0	0	0	0	0	1
PZE-101122394	3	0	0	0	0	0	0	0	0	0	3	0	0	0	0	0	0	0
PZE-101125500	0	0	1	0	0	0	0	3	0	0	2	0	0	0	0	1	1	0
PZE-101129849	0	0	0	0	0	0	0	4	0	0	2	0	0	0	0	0	0	0
PZE-101132192	0	0	0	0	3	0	0	0	0	0	3	0	0	0	0	1	1	1
PZE-101132989	2	0	1	0	0	0	0	1	0	0	2	0	0	0	0	0	0	0
PZE-101135437	2	0	1	0	0	0	0	1	0	0	2	0	0	0	0	0	0	0
PZE-101143441	3	0	1	0	0	0	0	0	0	0	2	0	0	0	0	1	1	0
PZE-101144882	0	0	0	0	5	0	0	0	0	0	1	0	0	0	0	0	0	0
PZE-101164638	0	0	0	0	0	0	0	2	0	0	4	0	0	0	0	1	1	1
PZE-101165910	2	1	0	0	2	0	0	0	0	0	1	0	0	0	0	0	0	0
PZE-101168907	0	0	2	0	0	0	0	3	0	0	1	0	0	1	0	0	1	0
PZE-101180164	4	0	0	0	0	0	0	0	0	0	2	0	0	0	0	0	0	0
PZE-101181344	0	0	1	0	0	0	0	4	0	0	1	0	0	1	0	0	1	0
PZE-101189912	0	0	0	0	0	0	0	2	0	0	4	0	0	0	0	1	1	1
PZE-101201781	1	0	1	0	0	0	0	0	0	0	4	0	0	1	0	0	1	1
PZE-101229107	4	0	0	0	0	0	0	0	0	0	2	0	0	0	0	0	0	0
PZE-101240603	2	0	0	0	0	0	0	0	0	0	4	0	0	0	1	0	1	0
PZE-101244564	5	0	1	0	0	0	0	0	0	0	0	1	0	0	0	0	1	0
PZE-101255765	0	0	1	0	0	0	0	5	0	0	0	0	0	1	0	0	1	0
PZE-102018100	3	0	1	0	0	0	0	0	0	0	2	0	0	1	0	0	1	0
PZE-102018944	3	0	2	0	0	0	0	1	0	0	0	0	0	1	0	0	1	0
PZE-102031665	1	0	0	0	0	0	0	0	0	0	5	0	0	0	0	1	1	1
PZE-102046784	1	1	0	0	1	0	0	0	0	0	3	0	0	0	0	0	0	0
PZE-102050546	0	2	0	0	3	0	0	0	0	0	1	0	0	1	0	0	1	0
PZE-102052646	0	0	0	0	2	1	0	0	0	0	3	0	0	0	1	0	1	0
PZE-102057643	0	0	0	0	0	0	0	4	0	0	2	0	0	0	0	0	0	1
PZE-102060595	2	1	0	0	2	0	0	0	0	0	1	0	0	0	0	0	0	0
PZE-102075489	2	1	0	0	2	0	0	0	0	0	1	0	0	0	0	0	0	0
PZE-102078997	0	0	0	0	0	0	0	2	0	0	4	0	0	0	0	1	1	1
PZE-102081211	1	0	0	0	0	0	0	3	0	0	2	0	0	0	0	0	0	1
PZE-102082066	2	1	0	0	2	0	0	0	0	0	1	0	0	0	0	0	0	0
PZE-102083641	0	0	1	0	0	0	0	3	0	0	2	0	0	1	0	0	1	0
PZE-102087833	1	0	0	0	0	0	0	0	0	0	5	0	0	0	0	1	1	1
PZE-102087850	2	0	0	0	0	0	0	0	0	0	4	0	0	0	0	1	1	1
PZE-102088199	0	0	0	0	3	0	0	0	0	0	3	0	0	0	0	1	1	0
PZE-102088886	0	0	0	0	0	0	0	1	0	0	5	0	0	0	0	1	1	1
PZE-102090284	3	1	0	0	0	0	0	0	0	0	2	0	0	1	0	0	1	1
PZE-102090285	2	0	0	0	0	0	0	0	0	0	4	0	0	0	0	1	1	1
PZE-102090515	0	0	5	0	0	0	0	0	0	0	1	0	1	1	0	0	2	0
PZE-102091079	3	0	2	0	0	0	0	0	0	0	1	0	0	1	0	0	1	1
PZE-102093362	0	3	0	0	3	0	0	0	0	0	0	0	0	1	0	0	1	0
PZE-102101738	0	0	1	0	0	0	0	4	0	0	1	0	0	1	0	0	1	0
PZE-102106493	1	0	1	0	0	0	0	2	0	0	2	0	0	0	0	0	0	0
PZE-102115838	0	0	0	0	4	0	0	0	0	0	2	0	0	0	0	0	0	1
PZE-102119687	0	0	0	0	2	4	0	0	0	0	0	0	1	0	0	0	1	0
PZE-102124918	4	0	0	0	1	0	0	0	0	0	1	1	0	0	0	0	1	0
PZE-102125486	0	0	0	0	4	0	0	0	0	0	2	0	0	0	0	0	0	0
PZE-102125982	1	2	0	0	3	0	0	0	0	0	0	0	0	1	0	0	1	0
PZE-102131958	0	0	0	0	0	0	0	1	0	0	5	0	0	0	0	1	1	1
PZE-102149586	0	0	0	0	2	1	0	2	0	0	1	0	0	0	0	0	0	0
PZE-103015495	0	4	0	0	2	0	0	0	0	0	0	0	1	0	0	0	1	0
PZE-103034236	1	0	0	0	0	0	0	0	0	0	5	0	0	0	1	0	1	1
PZE-103044795	0	0	0	0	0	0	0	3	0	0	3	0	0	0	0	0	0	0
PZE-103045672	2	0	0	0	0	0	0	2	0	0	2	0	0	0	0	0	0	1
PZE-103049023	2	0	1	0	0	0	0	2	0	0	1	0	0	0	0	0	0	0
PZE-103056692	4	0	1	0	0	0	0	0	0	0	1	0	0	1	0	0	1	0
PZE-103057937	0	0	0	1	0	0	0	0	0	4	1	0	0	1	0	0	1	1
PZE-103063662	3	1	0	0	0	0	0	0	0	0	2	0	0	0	0	1	1	0
PZE-103064170	2	0	0	0	0	0	0	2	0	0	2	0	0	0	0	0	0	1
PZE-103064900	2	0	0	1	0	0	0	0	0	0	3	0	0	1	0	0	1	1
PZE-103072139	5	0	0	0	0	0	0	0	0	0	1	0	0	0	0	0	0	0
PZE-103075147	0	0	6	0	0	0	0	0	0	0	0	0	1	1	0	0	2	0
PZE-103076203	0	0	5	0	0	0	0	0	0	0	1	0	1	1	0	0	2	0
PZE-103087923	0	0	0	0	0	0	0	4	0	0	2	0	0	0	0	0	0	0
PZE-103103387	4	0	0	0	0	0	0	0	0	0	2	0	0	0	0	0	0	1
PZE-103162945	0	0	0	0	3	0	0	0	0	0	3	0	0	0	0	1	1	0
PZE-104021293	0	0	0	0	5	0	0	0	0	0	1	0	0	0	0	0	0	0
PZE-104021357	0	0	0	0	0	0	0	0	0	5	1	0	0	0	0	0	0	0
PZE-104038243	2	0	0	4	0	0	0	0	0	0	0	0	1	0	0	0	1	0
PZE-104042018	4	0	0	0	0	0	0	0	0	0	2	0	0	0	0	0	0	0
PZE-104046889	3	0	0	2	0	0	0	0	0	0	1	0	0	1	0	0	1	0
PZE-104058303	0	0	2	0	0	0	0	1	0	0	3	0	0	1	0	0	1	0
PZE-104116297	3	0	0	0	0	0	0	0	0	0	3	0	0	0	0	0	0	0
PZE-104117404	1	1	0	0	1	0	0	0	0	0	3	0	0	0	0	0	0	0
PZE-104125918	0	0	0	0	0	0	0	3	0	0	3	0	0	0	0	1	1	0
PZE-104126765	0	0	0	0	2	0	0	0	0	0	4	0	0	0	0	1	1	1
PZE-104135763	0	0	2	0	0	0	0	3	0	0	1	0	0	1	0	0	1	1
PZE-104136445	0	0	0	0	0	0	0	0	0	5	1	0	0	0	0	0	0	0
PZE-104142831	0	0	1	0	0	0	0	3	0	0	2	0	0	1	0	0	1	1
PZE-105051568	0	0	2	0	0	0	0	2	0	0	2	0	1	0	0	0	1	0
PZE-105068616	3	3	0	0	0	0	0	0	0	0	0	0	0	1	0	0	1	0
PZE-105069389	2	0	0	0	0	0	0	0	0	0	4	0	0	0	0	0	0	1
PZE-105076131	2	0	0	0	0	0	0	1	0	0	3	0	0	0	0	0	0	1
PZE-105081492	0	0	3	0	0	0	0	2	0	0	1	0	0	1	0	0	1	0
PZE-105090097	4	0	0	0	0	0	0	0	0	0	2	0	0	0	0	0	0	0
PZE-105091638	3	0	0	1	0	0	0	0	0	1	1	0	0	0	0	0	0	0
PZE-105096834	1	0	0	0	2	0	0	0	0	0	3	0	0	0	0	0	0	1
PZE-105097904	0	0	0	0	0	0	0	3	0	0	3	0	0	0	0	0	0	1
PZE-105097995	0	0	0	0	0	0	0	2	0	0	4	0	0	0	1	0	1	1
PZE-105098012	3	0	0	0	0	0	0	0	0	0	3	0	0	0	1	0	1	0
PZE-105099007	2	0	1	0	0	0	0	0	0	0	3	0	0	0	0	1	1	0
PZE-105113955	2	0	3	0	0	0	0	0	0	0	1	0	1	0	0	0	1	0
PZE-105122026	0	0	2	0	0	0	0	3	0	0	1	0	0	1	0	0	1	0
PZE-105157658	5	0	0	0	0	0	0	0	0	0	1	0	0	0	0	0	0	1
PZE-105166704	5	1	0	0	0	0	0	0	0	0	0	1	0	0	0	0	1	0
PZE-105169654	3	0	0	0	0	0	0	3	0	0	0	1	0	0	0	0	1	0
PZE-106014771	0	0	0	0	4	0	0	0	0	0	2	0	0	0	0	0	0	0
PZE-106017241	0	0	0	0	0	0	0	2	0	0	4	0	0	0	0	0	0	1
PZE-106018640	0	0	0	0	2	0	0	0	0	0	4	0	0	0	0	1	1	0
PZE-106020042	2	3	0	0	0	0	0	0	0	0	1	0	0	1	0	0	1	0
PZE-106020123	2	0	0	1	0	0	0	0	0	2	1	0	0	0	0	0	0	0
PZE-106020491	0	0	0	0	4	0	0	0	0	0	2	0	0	0	0	0	0	0
PZE-106021478	3	0	0	0	0	0	0	0	0	0	3	0	0	0	0	0	0	0
PZE-106021551	3	0	0	0	0	0	0	0	0	0	3	0	0	0	0	0	0	0
PZE-106022395	0	0	2	0	0	0	0	1	0	0	3	0	0	1	0	0	1	1
PZE-106028002	0	0	0	0	0	0	0	3	0	0	3	0	0	0	0	0	0	0
PZE-106028520	3	0	0	0	0	0	0	0	0	0	3	0	0	0	0	1	1	0
PZE-106030089	1	0	1	0	0	0	0	1	0	0	3	0	0	0	0	0	0	0
PZE-106031691	0	6	0	0	0	0	0	0	0	0	0	0	1	1	0	0	2	0
PZE-106037357	0	0	3	0	0	0	0	3	0	0	0	0	1	0	0	0	1	0
PZE-106039415	0	0	0	0	0	0	0	3	0	0	3	0	0	0	0	0	0	0
PZE-106044042	0	0	1	0	0	0	0	1	0	0	4	0	0	0	0	1	1	0
PZE-106051016	0	1	0	0	0	0	0	0	0	0	5	0	0	0	1	1	2	0
PZE-106060612	0	0	0	0	3	0	0	0	0	0	3	0	0	0	0	0	0	1
PZE-106062004	1	0	0	0	0	0	0	4	0	0	1	1	0	0	0	0	1	0
PZE-106074233	0	0	0	2	0	0	0	0	0	3	1	0	0	1	0	0	1	0
PZE-106075898	1	1	0	0	2	0	0	0	0	0	2	0	0	0	0	0	0	0
PZE-107021256	0	0	0	0	1	0	0	0	0	0	5	0	0	0	0	1	1	1
PZE-107035926	3	0	0	3	0	0	0	0	0	0	0	0	0	1	0	0	1	0
PZE-107042358	0	0	3	0	0	0	0	2	0	0	1	0	1	0	0	0	1	0
PZE-107042560	5	0	1	0	0	0	0	0	0	0	0	0	0	1	0	0	1	0
PZE-107044150	0	0	0	0	0	1	0	4	0	0	1	0	0	1	0	0	1	0
PZE-107046682	0	0	0	0	4	0	0	0	0	0	2	0	0	0	0	0	0	0
PZE-107089447	2	0	0	0	0	0	0	2	0	0	2	0	0	0	0	0	0	1
PZE-107091178	0	0	1	0	0	0	0	2	0	0	3	0	0	0	0	1	1	0
PZE-108002113	1	0	0	0	2	0	0	0	0	0	3	0	0	0	0	0	0	1
PZE-108009952	0	0	0	0	0	0	0	4	0	0	2	0	0	0	0	0	0	0
PZE-108012465	0	0	0	0	0	0	0	2	0	0	4	0	0	0	1	0	1	0
PZE-108015359	2	1	0	0	1	0	0	0	0	0	2	0	0	0	0	0	0	0
PZE-108026286	3	0	0	0	0	0	0	0	0	0	3	0	0	0	0	0	0	0
PZE-108032374	0	0	0	0	0	0	0	0	0	0	6	0	0	0	1	1	2	1
PZE-108033508	0	0	0	0	3	3	0	0	0	0	0	0	0	1	0	0	1	0
PZE-108047294	1	0	0	0	0	0	0	3	0	0	2	0	0	0	0	0	0	1
PZE-108052800	0	0	1	0	0	0	0	2	0	0	3	0	0	0	0	1	1	0
PZE-108068641	2	4	0	0	0	0	0	0	0	0	0	0	1	0	0	0	1	0
PZE-108069572	0	0	0	0	2	0	0	0	0	0	4	0	0	0	1	0	1	1
PZE-108070027	2	0	3	0	0	0	0	0	0	0	1	0	0	1	0	0	1	0
PZE-108082048	0	0	0	0	0	0	0	3	0	0	3	0	0	0	0	1	1	0
PZE-108113931	3	0	0	0	0	0	0	0	0	0	3	0	0	0	0	0	0	1
PZE-109002884	0	0	0	0	0	0	0	4	0	0	2	0	0	0	0	0	0	0
PZE-109014227	0	0	0	0	2	0	0	3	0	0	1	0	0	0	0	0	0	1
PZE-109021776	3	0	0	0	0	0	0	0	0	0	3	0	0	0	0	0	0	1
PZE-109030365	1	0	0	0	0	0	0	1	0	0	4	0	0	0	0	0	0	1
PZE-109048885	2	1	0	0	0	0	0	0	0	0	3	0	0	0	0	1	1	0
PZE-109067702	0	0	0	0	0	0	0	1	0	0	5	0	0	0	1	1	2	0
PZE-109070528	2	1	0	0	0	0	0	0	0	0	3	0	0	0	1	0	1	0
PZE-109079810	2	1	0	0	1	0	0	0	0	0	2	0	0	0	0	0	0	0
PZE-109121058	3	0	0	0	1	0	0	0	0	0	2	0	0	0	0	0	0	1
PZE-110012785	4	0	0	0	0	0	0	0	0	0	2	0	0	0	0	1	1	0
PZE-110014799	0	0	0	0	2	0	0	0	0	0	4	0	0	0	0	0	0	1
PZE-110015921	3	2	0	0	0	0	0	0	0	0	1	0	0	1	0	0	1	0
PZE-110018843	0	1	0	0	3	0	0	0	0	0	2	0	0	1	0	0	1	1
PZE-110027386	0	0	0	0	4	0	0	0	0	0	2	0	0	0	0	0	0	0
PZE-110029671	0	0	3	0	0	0	0	1	0	0	2	0	0	1	0	0	1	0
PZE-110031810	0	0	0	3	0	0	0	0	0	3	0	0	0	1	0	0	1	0
PZE-110032375	3	0	0	0	0	0	0	3	0	0	0	1	0	0	0	0	1	0
PZE-110036876	3	0	1	0	0	0	0	1	0	0	1	0	0	0	0	0	0	0
PZE-110051870	0	2	0	0	2	0	0	0	0	0	2	0	0	1	0	0	1	1
PZE-110051950	0	0	0	0	0	0	0	4	0	0	2	0	0	0	0	0	0	1
PZE-110052085	4	2	0	0	0	0	0	0	0	0	0	0	0	1	0	0	1	0
PZE-110053716	0	0	0	0	0	3	0	3	0	0	0	0	0	1	0	0	1	0
PZE-110056905	0	0	0	0	3	1	0	0	0	0	2	0	0	0	0	1	1	0
PZE-110057401	0	0	0	0	0	0	0	4	0	0	2	0	0	0	0	0	0	1
PZE-110061064	0	0	0	0	0	0	0	3	0	0	3	0	0	0	0	0	0	1
PZE-110061869	2	0	1	0	0	0	0	1	0	0	2	0	0	0	0	0	0	0
PZE-110078383	3	2	0	0	0	0	0	0	0	0	1	0	0	1	0	0	1	1
PZE-110079535	2	0	0	0	0	0	0	2	0	0	2	0	0	0	0	0	0	1
SYN12756	2	0	1	0	0	0	0	1	0	0	2	0	0	0	0	0	0	0
SYN13173	3	2	0	0	0	0	0	0	0	0	1	0	0	1	0	0	1	0
SYN13249	0	0	0	0	0	0	0	2	0	0	4	0	0	0	0	0	0	1
SYN13458	0	0	0	0	0	0	0	3	0	0	3	0	0	0	0	1	1	0
SYN15320	1	0	1	0	0	0	0	2	0	0	2	0	0	0	0	0	0	0
SYN16458	0	3	0	0	3	0	0	0	0	0	0	0	1	0	0	0	1	0
SYN18005	1	1	0	0	3	0	0	0	0	0	1	0	0	0	0	0	0	0
SYN1889	0	0	0	0	0	0	0	5	0	0	1	0	0	0	0	0	0	0
SYN19000	0	1	0	0	3	0	0	0	0	0	2	0	0	0	0	1	1	0
SYN1906	1	0	0	0	0	0	0	2	0	0	3	0	0	0	0	0	0	1
SYN20544	2	0	0	0	0	0	0	0	0	0	4	0	0	0	1	0	1	1
SYN22131	0	0	0	0	0	0	0	1	0	0	5	0	0	0	1	0	1	1
SYN22596	0	0	5	0	0	0	0	0	0	0	1	0	1	1	0	0	2	0
SYN23704	1	0	2	0	0	0	0	3	0	0	0	0	0	1	0	0	1	0
SYN23731	0	0	0	0	0	0	0	2	0	0	4	0	0	0	0	1	1	0
SYN24264	1	0	0	0	0	0	0	0	0	0	5	0	0	0	0	1	1	1
SYN24983	0	0	3	0	0	0	0	2	0	0	1	0	1	0	0	0	1	1
SYN25037	3	1	0	0	0	0	0	0	0	0	2	0	0	1	0	0	1	1
SYN26895	1	0	1	0	0	0	0	2	0	0	2	0	0	0	0	0	0	0
SYN27706	0	0	0	0	5	0	0	0	0	0	1	0	0	0	0	0	0	0
SYN27798	2	0	0	0	0	0	0	1	0	0	3	0	0	0	0	0	0	1
SYN27941	4	0	1	0	0	0	0	0	0	0	1	0	0	1	0	0	1	0
SYN29610	0	0	2	0	0	0	0	4	0	0	0	0	0	1	0	0	1	0
SYN30987	0	1	0	0	2	0	0	0	0	0	3	0	0	0	1	0	1	0
SYN31981	5	0	0	0	0	0	0	0	0	0	1	0	0	0	0	0	0	0
SYN33590	0	0	0	0	5	0	0	0	0	0	1	0	0	0	0	0	0	1
SYN33747	3	0	1	0	0	0	0	0	0	0	2	0	0	1	0	0	1	1
SYN34378	3	0	2	0	0	0	0	0	0	0	1	0	0	1	0	0	1	0
SYN35296	0	0	3	0	0	0	0	2	0	0	1	0	0	1	0	0	1	0
SYN35721	3	0	1	0	0	0	0	1	0	0	1	0	0	0	0	0	0	0
SYN36411	0	0	0	0	0	0	0	4	0	0	2	0	0	0	0	0	0	1
SYN36434	0	0	0	0	0	0	0	5	0	0	1	0	0	0	0	0	0	1
SYN36545	4	0	2	0	0	0	0	0	0	0	0	0	0	1	0	0	1	0
SYN36801	0	0	0	0	0	0	0	1	0	0	5	0	0	0	0	1	1	1
SYN37097	3	1	0	0	1	0	0	0	0	0	1	0	0	0	0	0	0	0
SYN37887	1	0	1	0	0	0	0	3	0	0	1	0	0	0	0	0	0	0
SYN38106	0	0	1	0	0	0	0	3	0	0	2	0	0	1	0	0	1	1
SYN4337	4	0	0	0	0	0	0	0	0	0	2	0	0	0	0	0	0	0
SYN4975	2	0	0	0	0	0	0	0	0	0	4	0	0	0	1	0	1	0
SYN5745	0	0	1	0	0	0	0	4	0	0	1	0	1	0	0	0	1	0
SYN6709	3	0	0	0	0	0	0	1	0	0	2	0	0	0	0	0	0	1
SYN7854	0	3	0	0	2	0	0	0	0	0	1	0	0	1	0	0	1	0
SYN825	0	0	0	0	0	0	0	5	0	0	1	0	0	0	0	0	0	0
SYN8530	0	0	0	0	2	0	0	0	0	0	4	0	0	0	0	1	1	1
SYN8889	0	0	2	0	0	0	0	2	0	0	2	0	0	1	0	0	1	0
SYN9268	5	0	0	0	0	0	0	0	0	0	1	0	0	0	0	0	0	0
SYN9306	3	0	0	0	2	0	0	0	0	0	1	0	0	0	0	0	0	1
SYNGENTA0889	2	0	0	0	0	0	0	0	0	0	4	0	0	0	0	1	1	1
SYNGENTA12980	0	0	0	0	5	1	0	0	0	0	0	1	0	0	0	0	1	0
SYNGENTA12985	0	0	1	0	0	0	0	5	0	0	0	1	0	0	0	0	1	0
SYNGENTA16418	0	0	0	0	2	1	0	2	0	0	1	0	0	0	0	0	0	0
SYNGENTA6915	3	0	0	0	0	0	0	2	0	0	1	0	0	0	0	0	0	1
ZM013361-0662	0	0	0	0	0	0	0	5	0	0	1	0	0	0	0	0	0	0
ZM013866-0286	2	0	0	1	0	0	0	0	0	3	0	0	0	0	0	0	0	0
ZM015502-0192	2	1	0	0	3	0	0	0	0	0	0	0	0	0	0	0	0	0
