	AA	AC	AG	AT	CC	CG	CT	GG	GT	TT	--	inconsistent	parentA_polymorphic	parentB_polymorphic	parentA_unknown	parentB_unknown	sum_of_odds_and_ends	F1_missing
PHM9266.25	0	0	0	0	0	0	0	7	0	0	0	0	0	0	0	0	0	0
PUT-163a-13126581-167	0	0	0	0	0	0	0	0	0	7	0	0	0	0	0	0	0	0
PUT-163a-148972526-651	0	0	0	0	3	0	0	2	0	0	2	1	0	0	0	0	1	0
PUT-163a-18163635-1258	0	0	0	0	0	0	0	0	0	6	1	0	0	0	0	0	0	0
PUT-163a-3157342-1971	0	0	0	0	4	3	0	0	0	0	0	0	0	1	0	0	1	0
PUT-163a-50333061-2225	3	0	0	0	0	0	0	0	0	1	3	1	0	0	0	1	2	0
PUT-163a-60400146-3010	0	0	0	0	0	0	0	0	0	2	5	0	0	0	0	1	1	1
PUT-163a-71319310-3155	0	0	0	0	1	0	0	3	0	0	3	1	0	0	0	1	2	0
PUT-163a-71436040-3311	0	2	0	0	3	0	0	0	0	0	2	0	1	0	0	0	1	1
PUT-163a-74233142-3582	0	0	0	0	3	0	0	3	0	0	1	1	0	0	0	0	1	0
PUT-163a-78122842-4411	0	0	0	0	4	0	0	2	0	0	1	1	0	0	0	0	1	0
PUT-163a-94476049-4879	3	0	1	0	0	0	0	0	0	0	3	0	1	0	0	0	1	1
PZA03682.1	5	0	0	0	0	0	0	0	0	0	2	0	0	0	0	0	0	0
PZB01336.3	2	0	0	0	3	0	0	0	0	0	2	0	0	0	0	0	0	1
PZE-101106633	0	0	0	0	0	0	0	5	0	0	2	0	0	0	0	0	0	0
PZE-101111788	0	0	0	0	0	0	0	4	0	0	3	0	0	0	0	0	0	0
PZE-101132989	0	0	0	0	0	0	0	2	0	0	5	0	0	0	0	1	1	0
PZE-101135437	3	0	0	0	0	0	0	2	0	0	2	1	0	0	0	0	1	0
PZE-101198833	6	0	0	0	0	0	0	0	0	0	1	0	0	0	0	0	0	0
PZE-101217654	0	0	0	0	5	0	0	0	0	0	2	0	0	0	0	0	0	0
PZE-101234633	1	0	0	0	0	0	0	2	0	0	4	1	0	0	0	0	1	0
PZE-102018100	4	0	0	0	0	0	0	0	0	0	3	0	0	0	0	0	0	1
PZE-102032408	0	0	0	0	2	0	0	3	0	0	2	0	0	0	0	0	0	1
PZE-102052646	0	0	0	0	0	0	0	2	0	0	5	0	0	0	1	0	1	1
PZE-102074443	2	0	0	0	2	0	0	0	0	0	3	0	0	0	0	0	0	1
PZE-102081211	0	0	2	0	0	0	0	4	0	0	1	0	0	1	0	0	1	0
PZE-102083177	3	0	0	0	0	0	0	2	0	0	2	0	0	0	0	0	0	1
PZE-102088199	3	0	0	0	2	0	0	0	0	0	2	0	0	0	0	0	0	1
PZE-102088611	0	0	0	0	0	0	0	5	0	0	2	0	0	0	0	0	0	0
PZE-102106493	2	0	0	0	0	0	0	3	0	0	2	1	0	0	0	0	1	0
PZE-102107643	0	0	0	0	0	0	0	4	0	0	3	0	0	0	0	0	0	1
PZE-102119687	0	0	0	0	3	3	0	0	0	0	1	0	1	0	0	0	1	0
PZE-102124845	1	0	1	0	0	0	0	3	0	0	2	0	0	0	0	0	0	0
PZE-102125486	0	0	0	0	1	0	0	0	0	0	6	0	0	0	0	1	1	1
PZE-102140115	0	0	0	0	0	0	0	3	0	0	4	0	0	0	0	0	0	1
PZE-102184087	0	0	0	0	0	0	0	5	0	0	2	0	0	0	0	0	0	0
PZE-103023575	6	1	0	0	0	0	0	0	0	0	0	1	0	0	0	0	1	0
PZE-103028117	2	0	0	0	0	0	0	1	0	0	4	1	0	0	0	1	2	0
PZE-103035528	0	0	0	0	0	0	0	4	0	0	3	0	0	0	0	0	0	1
PZE-103046895	3	0	0	0	0	0	0	0	0	0	4	0	0	0	0	0	0	1
PZE-103049023	1	0	0	0	0	0	0	2	0	0	4	1	0	0	0	1	2	0
PZE-103054810	5	0	0	0	1	0	0	0	0	0	1	1	0	0	0	0	1	0
PZE-103055715	1	0	0	0	0	0	0	2	0	0	4	1	0	0	0	1	2	0
PZE-103061916	1	0	0	0	0	0	0	4	0	0	2	1	0	0	0	0	1	0
PZE-103064900	2	0	0	0	0	0	0	0	0	3	2	1	0	0	0	0	1	0
PZE-103065172	4	0	0	0	0	0	0	1	0	0	2	1	0	0	0	0	1	0
PZE-103066565	2	0	0	0	0	0	0	3	0	0	2	1	0	0	0	0	1	0
PZE-103079085	2	0	0	0	1	0	0	0	0	0	4	1	0	0	0	1	2	0
PZE-103080443	0	0	0	0	2	0	0	0	0	0	5	0	0	0	0	1	1	0
PZE-103087923	0	0	0	0	0	0	0	3	0	0	4	0	0	0	0	0	0	0
PZE-103097076	1	0	0	0	0	0	0	2	0	0	4	1	0	0	0	0	1	0
PZE-103112242	4	0	0	0	0	0	0	0	0	0	3	0	0	0	0	0	0	1
PZE-103114860	5	0	0	0	0	0	0	1	0	0	1	1	0	0	0	0	1	0
PZE-103123118	2	0	0	0	0	0	0	1	0	0	4	1	0	0	0	1	2	0
PZE-103137780	2	0	0	0	0	0	0	3	0	0	2	1	0	0	0	0	1	0
PZE-103151729	1	0	0	0	0	0	0	0	0	0	6	0	0	0	1	1	2	0
PZE-104021293	0	0	0	0	2	0	0	3	0	0	2	0	0	0	0	0	0	1
PZE-104021357	0	0	0	0	0	0	0	0	0	6	1	0	0	0	0	0	0	0
PZE-104036196	0	0	0	0	4	0	0	2	0	0	1	1	0	0	0	0	1	0
PZE-104038243	3	0	0	3	0	0	0	0	0	0	1	0	1	0	0	0	1	1
PZE-104038334	0	0	0	0	6	0	0	0	0	0	1	0	0	0	0	0	0	0
PZE-104043263	0	0	0	0	1	0	0	0	0	0	6	0	0	0	1	1	2	0
PZE-104045616	1	0	0	0	0	0	0	3	0	0	3	0	0	0	0	0	0	1
PZE-104047300	5	0	0	0	0	0	0	1	0	0	1	1	0	0	0	0	1	0
PZE-104048239	4	0	0	0	0	0	0	1	0	0	2	1	0	0	0	0	1	0
PZE-104049621	3	0	0	0	0	0	0	1	0	0	3	1	0	0	0	0	1	0
PZE-104054878	0	1	0	0	4	0	0	0	0	0	2	0	0	1	0	0	1	0
PZE-104054978	1	0	0	0	0	0	0	3	0	0	3	0	0	0	0	0	0	1
PZE-104057271	1	0	0	0	0	0	0	5	0	0	1	1	0	0	0	0	1	0
PZE-104064201	1	0	0	0	0	0	0	5	0	0	1	1	0	0	0	0	1	0
PZE-104065764	1	0	0	0	0	0	0	0	0	3	3	1	0	0	0	1	2	0
PZE-104066335	1	0	0	0	0	0	0	5	0	0	1	1	0	0	0	0	1	0
PZE-104066865	4	0	0	0	0	0	0	0	0	0	3	0	0	0	0	0	0	1
PZE-104069158	1	0	0	0	0	0	0	0	0	6	0	1	0	0	0	0	1	0
PZE-104069425	0	0	0	0	6	0	0	1	0	0	0	1	0	0	0	0	1	0
PZE-104069563	0	0	0	0	0	0	0	0	0	3	4	0	0	0	0	1	1	1
PZE-104070450	0	0	0	0	1	0	0	6	0	0	0	1	0	0	0	0	1	0
PZE-104071507	5	0	0	0	0	0	0	0	0	0	2	0	0	0	0	0	0	1
PZE-104071958	2	0	0	0	2	0	0	0	0	0	3	1	0	0	0	0	1	0
PZE-104077288	1	0	0	0	0	0	0	3	0	0	3	1	0	0	0	1	2	0
PZE-104079154	1	0	0	0	0	0	0	4	0	0	2	1	0	0	0	0	1	0
PZE-104085342	0	0	0	0	0	0	0	1	0	0	6	0	0	0	1	1	2	0
PZE-104088628	5	0	0	0	0	0	0	1	0	0	1	1	0	0	0	0	1	0
PZE-104089879	1	0	0	0	0	0	0	5	0	0	1	1	0	0	0	0	1	0
PZE-104091938	3	0	0	0	1	0	0	0	0	0	3	1	0	0	0	1	2	0
PZE-104093170	4	0	0	0	0	0	0	0	0	0	3	0	0	0	0	0	0	1
PZE-104099815	5	0	0	0	0	0	0	0	0	0	2	0	0	0	0	0	0	0
PZE-104117404	1	0	0	0	3	0	0	0	0	0	3	0	0	0	0	0	0	1
PZE-104123290	2	0	0	0	2	0	0	0	0	0	3	1	0	0	0	0	1	0
PZE-104124775	0	0	1	0	0	0	0	5	0	0	1	0	1	0	0	0	1	0
PZE-105024460	3	0	0	0	1	0	0	0	0	0	3	1	0	0	0	0	1	0
PZE-105051568	0	0	1	0	0	0	0	4	0	0	2	0	1	0	0	0	1	0
PZE-105071436	2	0	0	0	0	0	0	0	0	0	5	0	0	0	0	1	1	1
PZE-105081492	0	0	4	0	0	0	0	2	0	0	1	0	0	1	0	0	1	0
PZE-105085568	0	0	3	0	0	0	0	3	0	0	1	0	0	1	0	0	1	0
PZE-105087421	5	0	0	0	0	0	0	0	0	0	2	0	0	0	0	0	0	1
PZE-105087727	2	0	0	0	4	0	0	0	0	0	1	1	0	0	0	0	1	0
PZE-105091554	0	0	0	4	0	0	0	0	0	3	0	0	0	1	0	0	1	0
PZE-105092220	0	0	3	0	0	0	0	3	0	0	1	0	0	1	0	0	1	0
PZE-105092638	5	0	0	0	0	0	0	0	0	0	2	0	0	0	0	0	0	0
PZE-105094468	0	0	1	0	0	0	0	1	0	0	5	0	0	0	0	1	1	0
PZE-105096426	5	0	0	0	0	0	0	0	0	0	2	0	0	0	0	0	0	1
PZE-105097995	0	0	0	0	0	0	0	3	0	0	4	0	0	0	1	0	1	1
PZE-105104882	0	1	0	0	3	0	0	0	0	0	3	0	0	0	0	1	1	0
PZE-105113955	0	0	2	0	0	0	0	1	0	0	4	0	1	0	0	1	2	0
PZE-105126961	1	0	0	0	3	0	0	0	0	0	3	1	0	0	0	1	2	0
PZE-105144109	0	0	0	0	0	0	0	5	0	0	2	0	0	0	0	0	0	0
PZE-106007332	0	0	0	0	4	1	0	0	0	0	2	0	0	1	0	0	1	0
PZE-106009110	4	0	0	0	0	0	0	1	0	0	2	1	0	0	0	0	1	0
PZE-106014771	0	0	0	0	2	0	0	0	0	0	5	0	0	0	0	1	1	0
PZE-106015823	0	0	0	0	0	0	0	1	0	0	6	0	0	0	0	1	1	1
PZE-106019590	3	1	0	0	1	0	0	0	0	0	2	0	0	0	0	0	0	0
PZE-106019932	0	0	0	0	3	0	0	0	0	0	4	0	0	0	0	1	1	0
PZE-106020491	0	0	0	0	1	0	0	0	0	0	6	0	0	0	0	1	1	1
PZE-106021478	1	0	0	0	0	0	0	0	0	0	6	0	0	0	0	1	1	1
PZE-106021606	1	0	0	0	0	0	0	2	0	0	4	0	0	0	0	0	0	1
PZE-106022395	0	0	0	0	0	0	0	3	0	0	4	0	0	0	0	0	0	0
PZE-106030089	2	0	0	0	0	0	0	2	0	0	3	1	0	0	0	0	1	0
PZE-106033061	0	0	0	0	0	0	0	5	0	0	2	0	0	0	0	0	0	0
PZE-106037357	0	0	7	0	0	0	0	0	0	0	0	0	1	1	0	0	2	0
PZE-106041699	3	0	0	0	0	0	0	1	0	0	3	0	0	0	0	0	0	1
PZE-106043940	5	0	0	0	0	0	0	0	0	0	2	0	0	0	0	0	0	1
PZE-106046057	5	0	0	0	0	0	0	0	0	0	2	0	0	0	0	0	0	0
PZE-106050535	0	0	0	0	5	0	0	0	0	0	2	0	0	0	0	0	0	0
PZE-106073659	0	0	0	0	0	0	0	5	0	0	2	0	0	0	0	0	0	0
PZE-106075898	3	0	0	0	0	0	0	0	0	0	4	0	0	0	0	0	0	1
PZE-106079232	3	0	0	0	0	0	0	3	0	0	1	1	0	0	0	0	1	0
PZE-107003390	0	0	0	0	3	0	0	0	0	0	4	0	0	0	0	1	1	0
PZE-107012627	1	0	0	0	0	0	0	3	0	0	3	1	0	0	0	0	1	0
PZE-107014734	3	3	0	0	1	0	0	0	0	0	0	1	0	1	0	0	2	0
PZE-107015011	0	0	0	0	5	0	0	0	0	0	2	0	0	0	0	0	0	0
PZE-107016866	4	0	0	0	0	0	0	0	0	0	3	0	0	0	0	0	0	1
PZE-107018281	0	0	0	0	2	0	0	0	0	0	5	0	0	0	0	1	1	1
PZE-107022211	3	0	0	0	0	0	0	2	0	0	2	1	0	0	0	0	1	0
PZE-107024092	4	0	0	0	2	0	0	0	0	0	1	1	0	0	0	0	1	0
PZE-107026658	0	0	0	0	0	0	0	4	0	0	3	0	0	0	0	0	0	0
PZE-107027367	0	0	0	0	0	0	0	0	0	4	3	0	0	0	0	1	1	0
PZE-107035926	4	0	0	3	0	0	0	0	0	0	0	0	0	1	0	0	1	0
PZE-107038665	5	0	0	0	0	0	0	0	0	0	2	0	0	0	0	0	0	1
PZE-107039936	0	0	4	0	0	0	0	0	0	0	3	0	1	0	0	1	2	0
PZE-107047532	3	0	0	0	3	0	0	0	0	0	1	1	0	0	0	0	1	0
PZE-107059245	4	0	0	0	0	0	0	0	0	0	3	0	0	0	0	0	0	0
PZE-107089447	1	0	0	0	0	0	0	3	0	0	3	1	0	0	0	0	1	0
PZE-108002113	0	0	0	0	5	0	0	0	0	0	2	0	0	0	0	0	0	1
PZE-108012465	3	0	1	0	0	0	0	0	0	0	3	0	0	0	1	0	1	0
PZE-108015359	3	0	0	0	1	0	0	0	0	0	3	0	0	0	0	0	0	1
PZE-108026438	2	0	0	0	0	0	0	3	0	0	2	0	0	0	0	0	0	1
PZE-108026439	3	0	0	0	0	0	0	3	0	0	1	1	0	0	0	0	1	0
PZE-108029397	0	0	0	0	5	0	0	0	0	0	2	0	0	0	0	0	0	0
PZE-108034342	3	0	0	1	0	0	0	0	0	3	0	0	0	0	0	0	0	0
PZE-108042418	0	0	0	0	0	0	0	4	0	0	3	0	0	0	0	0	0	1
PZE-108049104	3	0	0	0	3	0	0	0	0	0	1	1	0	0	0	0	1	0
PZE-108051257	1	0	0	0	0	0	0	3	0	0	3	1	0	0	0	0	1	0
PZE-108053044	0	3	0	0	3	0	0	0	0	0	1	0	0	1	0	0	1	1
PZE-108054659	2	0	0	0	4	0	0	0	0	0	1	1	0	0	0	0	1	0
PZE-108057905	0	0	0	3	0	0	0	0	0	4	0	0	0	1	0	0	1	0
PZE-108059146	5	0	0	0	0	0	0	0	0	0	2	0	0	0	0	0	0	0
PZE-108063652	0	0	0	0	6	0	0	0	0	0	1	0	0	0	0	0	0	0
PZE-108066852	0	0	0	0	6	0	0	0	0	0	1	0	0	0	0	0	0	1
PZE-108067824	0	0	0	0	0	0	0	5	0	0	2	0	0	0	0	0	0	1
PZE-108069430	4	0	1	0	0	0	0	0	0	0	2	0	0	1	0	0	1	0
PZE-108069434	0	0	0	0	0	0	0	2	0	0	5	0	0	0	0	1	1	0
PZE-108079155	3	0	0	0	0	0	0	0	0	3	1	0	0	0	0	0	0	1
PZE-108083596	3	0	0	4	0	0	0	0	0	0	0	0	1	0	0	0	1	0
PZE-108099025	0	0	0	0	0	0	0	5	0	0	2	0	0	0	0	0	0	1
PZE-108112136	2	0	0	0	3	0	0	0	0	0	2	0	0	0	0	0	0	1
PZE-108120006	0	0	0	0	2	0	0	0	0	0	5	0	0	0	0	1	1	1
PZE-108127744	0	0	0	0	3	4	0	0	0	0	0	0	0	1	0	0	1	0
PZE-108133631	0	0	0	0	0	0	0	4	0	0	3	0	0	0	0	0	0	1
PZE-109021776	2	0	0	0	0	0	0	0	0	0	5	0	0	0	0	1	1	0
PZE-109029487	2	0	1	0	0	0	0	3	0	0	1	0	0	0	0	0	0	0
PZE-109030365	0	0	0	0	0	0	0	5	0	0	2	0	0	0	0	0	0	0
PZE-109037690	0	0	0	0	0	3	0	4	0	0	0	0	0	1	0	0	1	0
PZE-109039856	0	0	0	0	0	0	0	3	0	0	4	0	0	0	0	0	0	1
PZE-109043795	0	0	0	0	0	0	0	5	0	0	2	0	0	0	0	0	0	0
PZE-109046362	6	0	1	0	0	0	0	0	0	0	0	1	0	0	0	0	1	0
PZE-109046544	0	1	0	0	6	0	0	0	0	0	0	1	0	0	0	0	1	0
PZE-109047129	2	0	0	0	0	0	0	3	0	0	2	0	0	0	0	0	0	1
PZE-109047205	0	0	0	0	0	0	0	5	0	0	2	0	0	0	0	0	0	0
PZE-109053945	0	7	0	0	0	0	0	0	0	0	0	0	1	1	0	0	2	0
PZE-109058128	0	0	0	0	0	0	0	6	0	0	1	0	0	0	0	0	0	0
PZE-109063193	0	0	0	0	3	1	0	3	0	0	0	0	0	0	0	0	0	0
PZE-109067444	3	0	0	0	0	0	0	2	0	0	2	1	0	0	0	0	1	0
PZE-109067702	0	0	0	0	0	0	0	2	0	0	5	0	0	0	1	0	1	1
PZE-109070528	3	0	0	0	1	0	0	0	0	0	3	1	0	0	1	0	2	0
PZE-109072706	0	0	0	0	0	0	0	6	0	0	1	0	0	0	0	0	0	0
PZE-109079810	3	0	0	0	2	0	0	0	0	0	2	1	0	0	0	0	1	0
PZE-109083604	2	0	0	0	0	0	0	0	0	0	5	0	0	0	0	1	1	0
PZE-109085706	3	0	0	0	0	0	0	0	0	0	4	0	0	0	0	1	1	0
PZE-109088530	4	0	0	0	0	0	0	0	0	1	2	1	0	0	0	0	1	0
PZE-109094820	3	0	1	0	0	0	0	0	0	0	3	0	0	0	0	1	1	0
PZE-109105980	0	0	0	0	0	0	0	6	0	0	1	0	0	0	0	0	0	0
PZE-109113160	0	0	0	0	3	0	0	0	0	0	4	0	0	0	0	1	1	0
PZE-110010994	4	0	0	0	0	0	0	0	0	0	3	0	0	0	0	0	0	1
PZE-110014799	0	0	0	0	1	0	0	0	0	0	6	0	0	0	0	1	1	1
PZE-110019753	0	0	0	0	6	0	0	0	0	0	1	0	0	0	0	0	0	0
PZE-110020655	2	0	0	0	0	0	0	3	0	0	2	0	0	0	0	0	0	1
PZE-110022791	6	0	0	0	0	0	0	0	0	0	1	0	0	0	0	0	0	0
PZE-110024674	1	3	0	0	2	0	0	0	0	0	1	1	0	1	0	0	2	0
PZE-110024911	0	0	0	0	0	0	0	5	0	0	2	0	0	0	0	0	0	1
PZE-110027386	0	0	0	0	2	0	0	0	0	0	5	0	0	0	0	1	1	1
PZE-110028055	3	0	2	0	0	0	0	1	0	0	1	1	0	1	0	0	2	0
PZE-110030048	3	0	0	0	0	0	0	2	0	0	2	1	0	0	0	0	1	0
PZE-110030304	4	0	0	0	0	0	0	0	0	0	3	0	0	0	0	0	0	1
PZE-110031476	0	0	0	0	0	4	0	3	0	0	0	0	0	1	0	0	1	0
PZE-110035541	2	0	0	0	0	0	0	0	0	0	5	0	0	0	0	1	1	1
PZE-110036437	0	0	0	0	0	0	0	5	0	0	2	0	0	0	0	0	0	0
PZE-110037762	2	0	0	0	0	0	0	3	0	0	2	1	0	0	0	0	1	0
PZE-110039197	0	0	5	0	0	0	0	1	0	0	1	0	1	1	0	0	2	0
PZE-110054960	3	0	0	0	0	0	0	0	0	3	1	1	0	0	0	0	1	0
PZE-110059337	2	0	0	0	0	0	0	3	0	0	2	0	0	0	0	0	0	1
PZE-110060546	2	0	0	0	4	0	0	0	0	0	1	1	0	0	0	0	1	0
PZE-110061064	0	0	0	0	0	0	0	5	0	0	2	0	0	0	0	0	0	0
PZE-110061111	3	0	1	0	0	0	0	0	0	0	3	0	0	1	0	0	1	1
PZE-110061869	6	0	0	0	0	0	0	0	0	0	1	0	0	0	0	0	0	0
PZE-110064069	4	0	0	3	0	0	0	0	0	0	0	0	1	0	0	0	1	0
PZE-110069713	2	0	1	0	0	0	0	0	0	0	4	0	0	1	0	0	1	1
PZE-110080467	0	0	0	0	0	0	0	2	0	0	5	0	0	0	0	1	1	0
PZE-110086405	0	0	0	0	6	0	0	0	0	0	1	0	0	0	0	0	0	0
PZE-110088470	5	0	0	0	0	0	0	0	0	0	2	0	0	0	0	0	0	0
PZE-110091068	0	0	0	0	5	0	0	0	0	0	2	0	0	0	0	0	0	0
PZE-110093225	5	0	0	0	0	0	0	0	0	0	2	0	0	0	0	0	0	1
PZE-110097658	0	0	0	0	0	0	0	1	0	0	6	0	0	0	0	1	1	1
PZE-110109012	6	0	0	0	0	0	0	0	0	0	1	0	0	0	0	0	0	0
SYN10634	3	0	0	0	0	0	0	3	0	0	1	1	0	0	0	0	1	0
SYN10910	1	0	0	0	0	0	0	2	0	0	4	0	0	0	0	0	0	1
SYN10963	2	0	3	0	0	0	0	0	0	0	2	0	0	1	0	0	1	0
SYN1107	0	0	0	0	0	0	0	2	0	0	5	0	0	0	0	1	1	1
SYN13249	2	0	0	0	0	0	0	1	0	0	4	0	0	0	0	0	0	1
SYN15209	3	0	0	0	0	0	0	0	0	0	4	0	0	0	1	0	1	1
SYN15475	0	0	0	0	0	0	0	2	0	0	5	0	0	0	0	1	1	1
SYN16458	3	4	0	0	0	0	0	0	0	0	0	0	1	0	0	0	1	0
SYN16819	1	0	3	0	0	0	0	2	0	0	1	1	1	0	0	0	2	0
SYN170	1	0	0	0	0	0	0	3	0	0	3	0	0	0	0	0	0	1
SYN17403	0	0	2	0	0	0	0	3	0	0	2	0	0	1	0	0	1	0
SYN17545	3	0	0	0	0	0	0	2	0	0	2	0	0	0	0	0	0	1
SYN17546	3	0	0	0	0	0	0	2	0	0	2	1	0	0	0	0	1	0
SYN1858	2	0	1	0	0	0	0	3	0	0	1	0	0	0	0	0	0	0
SYN18989	0	0	3	0	0	0	0	3	0	0	1	0	1	0	0	0	1	0
SYN19006	0	0	1	0	0	0	0	2	0	0	4	0	0	0	0	1	1	0
SYN20113	0	2	0	0	4	0	0	0	0	0	1	0	0	1	0	0	1	0
SYN20119	0	0	1	0	0	0	0	3	0	0	3	0	0	0	0	1	1	0
SYN20544	4	0	0	0	0	0	0	0	0	0	3	0	0	0	1	0	1	0
SYN20729	4	0	0	0	0	0	0	1	0	0	2	1	0	0	0	0	1	0
SYN22131	3	0	0	0	0	0	0	0	0	0	4	0	0	0	1	0	1	0
SYN22309	1	0	0	0	0	0	0	4	0	0	2	1	0	0	0	0	1	0
SYN22596	1	0	2	0	0	0	0	3	0	0	1	1	1	0	0	0	2	0
SYN22769	3	0	0	0	0	0	0	2	0	0	2	1	0	0	0	0	1	0
SYN23523	3	0	0	0	3	0	0	0	0	0	1	1	0	0	0	0	1	0
SYN23731	4	0	0	0	0	0	0	1	0	0	2	1	0	0	0	0	1	0
SYN24082	5	0	0	0	0	0	0	1	0	0	1	1	0	0	0	0	1	0
SYN24264	1	0	0	0	0	0	0	4	0	0	2	1	0	0	0	0	1	0
SYN24279	2	0	0	0	0	0	0	3	0	0	2	0	0	0	0	0	0	1
SYN24875	0	0	3	0	0	0	0	3	0	0	1	0	1	0	0	0	1	1
SYN24943	1	0	3	0	0	0	0	3	0	0	0	1	1	0	0	0	2	0
SYN25158	3	0	0	0	0	0	0	2	0	0	2	1	0	0	0	0	1	0
SYN25317	3	0	0	0	0	0	0	2	0	0	2	1	0	0	0	0	1	0
SYN26012	4	0	0	0	0	0	0	1	0	0	2	1	0	0	0	0	1	0
SYN26033	0	0	0	0	0	0	0	4	0	0	3	0	0	0	0	0	0	1
SYN26524	2	0	0	0	3	0	0	0	0	0	2	1	0	0	0	0	1	0
SYN26569	3	0	3	0	0	0	0	0	0	0	1	0	0	1	0	0	1	1
SYN2764	4	0	0	0	1	0	0	0	0	0	2	1	0	0	0	0	1	0
SYN27798	2	0	0	0	0	0	0	1	0	0	4	1	0	0	0	0	1	0
SYN28038	1	0	0	0	0	0	0	4	0	0	2	1	0	0	0	0	1	0
SYN28288	3	0	0	0	0	0	0	2	0	0	2	0	0	0	0	0	0	1
SYN28860	1	0	0	0	4	0	0	0	0	0	2	1	0	0	0	0	1	0
SYN29250	4	2	0	0	0	0	0	0	0	0	1	0	0	1	0	0	1	0
SYN29484	2	0	0	0	0	0	0	2	0	0	3	1	0	0	0	0	1	0
SYN29636	2	0	0	0	0	0	0	3	0	0	2	0	0	0	0	0	0	1
SYN29715	0	0	0	0	0	0	0	3	0	0	4	0	0	0	0	1	1	0
SYN29994	2	0	0	0	3	0	0	0	0	0	2	0	0	0	0	0	0	1
SYN30014	3	0	3	0	0	0	0	0	0	0	1	0	1	0	0	0	1	0
SYN30046	0	0	0	0	0	0	0	3	0	0	4	0	0	0	0	1	1	0
SYN30290	4	0	2	0	0	0	0	0	0	0	1	0	0	1	0	0	1	0
SYN30549	3	0	0	0	0	0	0	1	0	0	3	0	0	0	0	0	0	1
SYN30582	4	0	0	0	0	0	0	2	0	0	1	1	0	0	0	0	1	0
SYN30987	0	0	0	0	4	0	0	0	0	0	3	0	0	0	1	0	1	0
SYN31186	0	0	2	0	0	0	0	4	0	0	1	0	0	1	0	0	1	0
SYN31260	2	0	0	0	0	0	0	4	0	0	1	1	0	0	0	0	1	0
SYN31373	2	0	0	0	3	0	0	0	0	0	2	1	0	0	0	0	1	0
SYN31701	2	0	0	0	4	0	0	0	0	0	1	1	0	0	0	0	1	0
SYN31713	2	0	0	0	0	0	0	4	0	0	1	1	0	0	0	0	1	0
SYN31910	3	0	0	0	3	0	0	0	0	0	1	1	0	0	0	0	1	0
SYN32281	2	0	0	0	0	0	0	0	0	0	5	0	0	0	0	1	1	0
SYN32468	1	0	1	0	0	0	0	3	0	0	2	1	0	1	0	0	2	0
SYN32488	3	0	0	0	3	0	0	0	0	0	1	1	0	0	0	0	1	0
SYN33290	4	0	0	0	2	0	0	0	0	0	1	1	0	0	0	0	1	0
SYN34166	3	0	0	0	0	0	0	2	0	0	2	0	0	0	0	0	0	1
SYN34989	4	0	0	0	2	0	0	0	0	0	1	1	0	0	0	0	1	0
SYN353	3	0	0	0	3	0	0	0	0	0	1	1	0	0	0	0	1	0
SYN35358	2	0	0	0	0	0	0	4	0	0	1	1	0	0	0	0	1	0
SYN35774	0	0	0	0	0	0	0	6	0	0	1	0	0	0	0	0	0	0
SYN35893	1	3	0	0	3	0	0	0	0	0	0	1	1	0	0	0	2	0
SYN36801	3	0	0	0	0	0	0	1	0	0	3	1	0	0	0	0	1	0
SYN37022	0	0	2	0	0	0	0	4	0	0	1	0	0	1	0	0	1	0
SYN37184	3	0	0	0	0	0	0	0	0	0	4	0	0	0	0	1	1	0
SYN37410	3	0	0	0	0	0	0	1	0	0	3	1	0	0	0	1	2	0
SYN3750	0	3	0	0	3	0	0	0	0	0	1	0	1	0	0	0	1	1
SYN38223	3	0	0	0	3	0	0	0	0	0	1	0	0	0	0	0	0	1
SYN38660	2	1	0	0	3	0	0	0	0	0	1	0	0	0	0	0	0	0
SYN38985	3	0	0	0	0	0	0	3	0	0	1	1	0	0	0	0	1	0
SYN394	3	0	3	0	0	0	0	1	0	0	0	1	1	0	0	0	2	0
SYN3944	3	0	0	0	0	0	0	3	0	0	1	1	0	0	0	0	1	0
SYN3980	2	0	0	0	0	0	0	4	0	0	1	1	0	0	0	0	1	0
SYN4337	3	0	0	0	0	0	0	3	0	0	1	1	0	0	0	0	1	0
SYN4640	2	0	0	0	0	0	0	3	0	0	2	1	0	0	0	0	1	0
SYN4975	0	0	4	0	0	0	0	0	0	0	3	0	0	1	1	0	2	0
SYN5504	1	0	0	0	0	0	0	0	0	0	6	0	0	0	0	1	1	1
SYN5635	0	0	2	0	0	0	0	3	0	0	2	0	0	1	0	0	1	0
SYN5745	4	0	1	0	0	0	0	1	0	0	1	0	1	0	0	0	1	0
SYN5777	2	0	0	0	0	0	0	4	0	0	1	1	0	0	0	0	1	0
SYN5922	3	0	0	0	3	0	0	0	0	0	1	1	0	0	0	0	1	0
SYN6024	4	0	0	0	0	0	0	1	0	0	2	1	0	0	0	0	1	0
SYN6076	2	0	0	0	0	0	0	1	0	0	4	0	0	0	0	0	0	1
SYN6145	0	0	3	0	0	0	0	4	0	0	0	0	1	0	0	0	1	0
SYN6146	0	3	0	0	4	0	0	0	0	0	0	0	1	0	0	0	1	0
SYN6204	0	0	0	0	0	0	0	6	0	0	1	0	0	0	0	0	0	0
SYN6311	0	0	0	0	0	0	0	2	0	0	5	0	0	0	0	1	1	1
SYN6437	0	3	0	0	3	0	0	0	0	0	1	0	0	1	0	0	1	0
SYN6719	2	0	0	0	4	0	0	0	0	0	1	1	0	0	0	0	1	0
SYN6936	3	0	0	0	0	0	0	1	0	0	3	0	0	0	0	0	0	1
SYN702	0	0	0	0	3	0	0	0	0	0	4	0	0	0	0	1	1	1
SYN729	1	0	0	0	0	0	0	4	0	0	2	1	0	0	0	0	1	0
SYN7414	3	3	0	0	0	0	0	0	0	0	1	0	0	1	0	0	1	1
SYN751	3	0	0	0	2	0	0	0	0	0	2	1	0	0	0	0	1	0
SYN7513	4	0	0	0	0	0	0	2	0	0	1	1	0	0	0	0	1	0
SYN7567	1	0	3	0	0	0	0	3	0	0	0	1	0	1	0	0	2	0
SYN7733	2	0	0	0	0	0	0	3	0	0	2	1	0	0	0	0	1	0
SYN7754	0	3	0	0	3	0	0	0	0	0	1	0	0	1	0	0	1	0
SYN7777	3	1	0	0	3	0	0	0	0	0	0	0	0	0	0	0	0	0
SYN7854	3	0	0	0	3	0	0	0	0	0	1	1	0	0	0	0	1	0
SYN7868	3	0	1	0	0	0	0	2	0	0	1	0	0	0	0	0	0	0
SYN7926	3	0	0	0	0	0	0	1	0	0	3	1	0	0	0	0	1	0
SYN8201	1	1	0	0	3	0	0	0	0	0	2	1	0	1	0	0	2	0
SYN825	4	0	0	0	0	0	0	2	0	0	1	1	0	0	0	0	1	0
SYN8391	0	0	0	0	0	0	0	3	0	0	4	0	0	0	0	1	1	1
SYN8435	4	3	0	0	0	0	0	0	0	0	0	0	0	1	0	0	1	0
SYN851	3	0	0	0	3	0	0	0	0	0	1	0	0	0	0	0	0	1
SYN854	0	0	0	0	4	0	0	0	0	0	3	0	0	0	0	1	1	0
SYN855	0	0	0	0	0	0	0	3	0	0	4	0	0	0	0	1	1	0
SYN8620	2	0	0	0	0	0	0	4	0	0	1	1	0	0	0	0	1	0
SYN8656	4	0	0	0	0	0	0	2	0	0	1	1	0	0	0	0	1	0
SYN8678	0	4	0	0	3	0	0	0	0	0	0	0	1	0	0	0	1	0
SYN8889	0	0	2	0	0	0	0	3	0	0	2	0	0	1	0	0	1	0
SYN8953	3	0	0	0	0	0	0	0	0	0	4	0	0	0	0	1	1	1
SYN8998	4	0	0	0	2	0	0	0	0	0	1	1	0	0	0	0	1	0
SYN9076	3	0	0	0	0	0	0	3	0	0	1	1	0	0	0	0	1	0
SYN9268	2	0	0	0	0	0	0	0	0	0	5	0	0	0	0	1	1	1
SYN9337	3	0	0	0	0	0	0	3	0	0	1	1	0	0	0	0	1	0
SYN9449	4	3	0	0	0	0	0	0	0	0	0	0	1	0	0	0	1	0
SYN9500	3	0	0	0	0	0	0	3	0	0	1	1	0	0	0	0	1	0
SYN9515	3	4	0	0	0	0	0	0	0	0	0	0	0	1	0	0	1	0
SYN9570	3	0	0	0	0	0	0	3	0	0	1	1	0	0	0	0	1	0
SYN960	4	0	0	0	2	0	0	0	0	0	1	1	0	0	0	0	1	0
SYN968	3	0	0	0	0	0	0	3	0	0	1	0	0	0	0	0	0	1
SYN9847	3	0	0	0	0	0	0	3	0	0	1	1	0	0	0	0	1	0
SYN9878	3	0	1	0	0	0	0	3	0	0	0	0	0	0	0	0	0	0
SYN9891	3	1	0	0	3	0	0	0	0	0	0	0	0	0	0	0	0	0
SYN9893	3	0	1	0	0	0	0	3	0	0	0	0	0	0	0	0	0	0
SYN9971	1	3	0	0	3	0	0	0	0	0	0	1	0	1	0	0	2	0
SYN9976	0	0	3	0	0	0	0	3	0	0	1	0	0	1	0	0	1	1
SYN9979	4	0	0	0	0	0	0	1	0	0	2	1	0	0	0	0	1	0
SYNGENTA0889	3	0	0	0	0	0	0	0	0	3	1	1	0	0	0	0	1	0
SYNGENTA12308	0	0	4	0	0	0	0	3	0	0	0	0	0	1	0	0	1	0
SYNGENTA13092	0	0	0	0	0	0	0	6	0	0	1	0	0	0	0	0	0	1
SYNGENTA14619	6	0	0	0	0	0	0	0	0	0	1	0	0	0	0	0	0	0
SYNGENTA14855	0	0	4	0	0	0	0	3	0	0	0	0	1	0	0	0	1	0
SYNGENTA15567	4	0	3	0	0	0	0	0	0	0	0	0	1	0	0	0	1	0
SYNGENTA16418	0	0	0	0	6	0	0	0	0	0	1	0	0	0	0	0	0	0
SYNGENTA16579	3	0	4	0	0	0	0	0	0	0	0	0	0	1	0	0	1	0
SYNGENTA16910	0	3	0	0	4	0	0	0	0	0	0	0	0	1	0	0	1	0
SYNGENTA17006	4	0	0	0	0	0	0	0	0	3	0	1	0	0	0	0	1	0
SYNGENTA2097	4	0	0	0	0	0	0	0	0	2	1	1	0	0	0	0	1	0
SYNGENTA3075	3	0	0	0	0	0	0	0	0	4	0	1	0	0	0	0	1	0
SYNGENTA4261	0	0	0	0	0	0	0	6	0	0	1	0	0	0	0	0	0	0
SYNGENTA5117	0	0	0	0	4	0	0	3	0	0	0	1	0	0	0	0	1	0
SYNGENTA5434	6	0	0	0	0	0	0	0	0	0	1	0	0	0	0	0	0	0
SYNGENTA5472	3	0	0	0	0	0	0	0	0	4	0	1	0	0	0	0	1	0
SYNGENTA5630	0	0	0	0	4	0	0	3	0	0	0	1	0	0	0	0	1	0
SYNGENTA6115	3	0	0	0	0	0	0	0	0	0	4	0	0	0	0	1	1	0
SYNGENTA6174	3	0	4	0	0	0	0	0	0	0	0	0	1	0	0	0	1	0
ZM002762-0523	3	0	0	0	0	0	0	3	0	0	1	0	0	0	0	0	0	1
ZM003428-0312	6	0	0	0	0	0	0	0	0	0	1	0	0	0	0	0	0	1
ZM008854-0420	0	0	0	0	3	0	0	4	0	0	0	1	0	0	0	0	1	0
ZM009081-0469	0	0	0	0	0	0	0	0	0	0	7	0	0	0	1	1	2	1
ZM009318-0450	0	0	1	0	0	0	0	6	0	0	0	1	0	0	0	0	1	0
ZM010090-0358	4	0	3	0	0	0	0	0	0	0	0	0	0	1	0	0	1	0
ZM010606-0698	2	1	0	0	3	0	0	0	0	0	1	0	0	0	0	0	0	0
ZM011303-0272	0	0	0	0	3	0	0	4	0	0	0	1	0	0	0	0	1	0
ZM012382-0387	6	0	0	0	0	0	0	0	0	1	0	1	0	0	0	0	1	0
ZM012735-0504	4	0	0	0	0	0	0	0	0	3	0	1	0	0	0	0	1	0
ZM012994-0384	4	0	0	0	3	0	0	0	0	0	0	1	0	0	0	0	1	0
ZM013084-0160	4	0	0	0	0	0	0	2	0	0	1	1	0	0	0	0	1	0
ZM013153-0344	0	0	0	0	0	0	0	4	0	0	3	0	0	0	0	1	1	0
ZM013340-0438	0	0	3	0	0	0	0	4	0	0	0	0	0	1	0	0	1	0
ZM013364-0434	3	0	0	0	4	0	0	0	0	0	0	1	0	0	0	0	1	0
ZM013404-0685	4	0	0	0	0	0	0	0	0	0	3	0	0	0	0	1	1	0
ZM013547-0240	3	0	0	0	4	0	0	0	0	0	0	1	0	0	0	0	1	0
ZM013590-0373	6	0	0	0	0	0	0	1	0	0	0	1	0	0	0	0	1	0
ZM013681-0398	1	0	0	0	6	0	0	0	0	0	0	1	0	0	0	0	1	0
ZM013830-0402	0	4	0	0	3	0	0	0	0	0	0	0	0	1	0	0	1	0
ZM013910-0104	6	0	0	0	1	0	0	0	0	0	0	1	0	0	0	0	1	0
ZM013915-0289	1	0	0	0	0	0	0	6	0	0	0	1	0	0	0	0	1	0
ZM013969-0330	4	0	0	0	0	0	0	3	0	0	0	1	0	0	0	0	1	0
ZM014391-0155	3	0	0	0	0	0	0	4	0	0	0	1	0	0	0	0	1	0
ZM015125-0227	3	0	0	0	0	0	0	4	0	0	0	1	0	0	0	0	1	0
ZM015154-0162	7	0	0	0	0	0	0	0	0	0	0	0	0	0	0	0	0	0
ZM015155-0206	4	0	0	0	0	0	0	3	0	0	0	1	0	0	0	0	1	0
ZM015165-0299	4	0	0	0	3	0	0	0	0	0	0	1	0	0	0	0	1	0
ZM015355-0126	3	0	3	0	0	0	0	1	0	0	0	1	0	1	0	0	2	0
ZM015502-0192	0	0	0	0	7	0	0	0	0	0	0	0	0	0	0	0	0	0
